mpirun --mca orte_base_help_aggregate 0 -np 4 simple_mm 0 0 6
1.000000 2.000000 3.000000 0.500000 1.000000 1.500000 
1.000000 1.250000 1.500000 0.800000 1.000000 1.200000 
0.666667 0.833333 1.000000 -0.000000 0.000000 0.000000 
1.000000 1.250000 1.500000 0.800000 1.000000 1.200000 
0.666667 0.833333 1.000000 0.000000 0.000000 -0.000000 
0.000000 -0.000000 -0.000000 -0.000000 -0.000000 -0.000000 
-0.000000 -0.000000 -0.000000 -0.000000 -0.000000 -0.000000 

0.333333 0.666667 1.000000 1470208.000003 0.000000 0.000000 
1.000000 2.000000 3.000000 0.500000 1.000000 1.500000 
0.333333 0.666667 1.000000 0.000000 0.000000 396918784.000000 
0.000000 99064832.000163 99008512.000163 99010560.000163 99013632.000163 99016704.000163 
99017728.000163 99022848.000163 99027968.000163 99028992.000163 99077120.000163 99033088.000163 

************************
0.250000 0.500000 0.750000 0.200000 0.400000 0.600000 
0.166667 0.333333 0.500000 0.000000 0.000000 0.000000 
0.250000 0.500000 0.750000 0.200000 0.400000 0.600000 
0.166667 0.333333 0.500000 0.000000 0.000000 0.000000 
0.000000 0.000000 0.000000 0.000000 0.000000 0.000000 
************************
0.000000 0.000000 0.000000 0.000000 0.000000 0.000000 

************************
4.000000 5.000000 6.000000 2.000000 2.500000 3.000000 
1.333333 1.666667 2.000000 -921618100936761157804857354229284277765939339057085998410434347554569933493644570183835078448143050514257749619557574317703236639603014584653403472915033320216316703940590430700719068344300104584192341231224270408856566918438453248.000000 0.000000 0.000000 
4.000000 5.000000 6.000000 2.000000 2.500000 3.000000 
1.333333 1.666667 2.000000 0.000000 0.000000 -251144059524831868837459135063317014915227202112643125236290714838807898643157186002868502603171515409709366811053093764117099503073760521790979783726583567721620661980372798002529632845999042176186684853946040640281150679336838234112.000000 
0.000000 -62663966339894091970677030542004979863822940752925750991568627171527865086997725042125022498641642855202348481772080928411114088837999878667066852891720791883901705042715964464966400238166754764495073442844004407624625346976973586432.000000 -62622272738782500666266291346758184140903444302270761580624951457616032663951948319103441291373295415608951594473085709159971785662987029647765370567439900788854710402246654530979454637234265548447519993158626279801725392593692393472.000000 -62623788869732013077335772772039885803555062355021852104659266938121917479335431109031498789819417140685075117647594626223649687596623860521194515379231933192310964752809174892215343568177265156303794664056276393540739936389448073216.000000 -62626063066156281693939994909962438297532489434148487890710740158880744702410655293923585037488599728299260402409358001819166540497079106831338232596919981797495346278652955434069176964591764568088206670402751564149261752083081592832.000000 -62628337262580550310544217047884990791509916513275123676762213379639571925485879478815671285157782315913445687171121377414683393397534353141481949814608030402679727804496735975923010361006263979872618676749226734757783567776715112448.000000 
-62629095328055306516078957760525841622835725539650668938779371119892514333177620873779700034380843178451507448758375835946522344364352768578196522220504046604407854979777996156540954826477763783800756012198051791627290839674592952320.000000 -62632885655429087543752661323730095779464770671528395248865159821157226371636327848599843780496147491141816256694648128605717099198444845761769384249984127613048490856184297059630677153835262803441442689442177075974827199163982151680.000000 -62636675982802868571426364886934349936093815803406121558950948522421938410095034823419987526611451803832125064630920421264911854032536922945342246279464208621689126732590597962720399481192761823082129366686302360322363558653371351040.000000 -62637434048277624776961105599575200767419624829781666820968106262674880817786776218384016275834512666370186826218174879796750804999355338382056818685360224823417253907871858143338343946664261627010266702135127417191870830551249190912.000000 -62673063125591166437093919093695189839732649069432294135774520054563173979298621781693367489318373205659089620819134430793181500439820863907641721762472986304639231146091086632381733823824752411632721468229905090058712609751507664896.000000 -62640466310176649599100068450138604092722860935283847869036737223686650448553741798240131272726756116522433872567192713924106608866629000128915108308944289630329762608996898865810121808550260842722816043930427644669899918142760550400.000000 

************************
echo "----------------------------------------------"
----------------------------------------------
./test_mm 0 0 6
argument matrix 0
1.000000 2.000000 3.000000 4.000000 5.000000 6.000000 
0.500000 1.000000 1.500000 2.000000 2.500000 3.000000 
0.333333 0.666667 1.000000 1.333333 1.666667 2.000000 
0.250000 0.500000 0.750000 1.000000 1.250000 1.500000 
0.200000 0.400000 0.600000 0.800000 1.000000 1.200000 
0.166667 0.333333 0.500000 0.666667 0.833333 1.000000 

argument matrix 1
1.000000 2.000000 3.000000 4.000000 5.000000 6.000000 
0.500000 1.000000 1.500000 2.000000 2.500000 3.000000 
0.333333 0.666667 1.000000 1.333333 1.666667 2.000000 
0.250000 0.500000 0.750000 1.000000 1.250000 1.500000 
0.200000 0.400000 0.600000 0.800000 1.000000 1.200000 
0.166667 0.333333 0.500000 0.666667 0.833333 1.000000 

argument matrix 2
1.000000 0.000000 0.000000 0.000000 0.000000 0.000000 
0.000000 1.000000 0.000000 0.000000 0.000000 0.000000 
0.000000 0.000000 1.000000 0.000000 0.000000 0.000000 
0.000000 0.000000 0.000000 1.000000 0.000000 0.000000 
0.000000 0.000000 0.000000 0.000000 1.000000 0.000000 
0.000000 0.000000 0.000000 0.000000 0.000000 1.000000 

result matrix
6.000000 12.000000 18.000000 24.000000 30.000000 36.000000 
3.000000 6.000000 9.000000 12.000000 15.000000 18.000000 
2.000000 4.000000 6.000000 8.000000 10.000000 12.000000 
1.500000 3.000000 4.500000 6.000000 7.500000 9.000000 
1.200000 2.400000 3.600000 4.800000 6.000000 7.200000 
1.000000 2.000000 3.000000 4.000000 5.000000 6.000000 

